Training on: cuda:0
Loading dataset....
--Done--

Loading pre-trained embeddings...
--Done--

Creating embedding layer...
--Done--

Start training...
 Epoch  |  Train Loss  |  Val Loss  |  Elapsed 
--------------------------------------------------------------------------------
   1    |   0.142192    |  0.002112  |   11.47  
   2    |   0.133942    |  0.002110  |   11.67  
   3    |   0.133829    |  0.002106  |   11.74  
   4    |   0.133798    |  0.002104  |   11.77  
   5    |   0.133688    |  0.002107  |   11.60  
   6    |   0.133677    |  0.002108  |   11.70  
   7    |   0.133634    |  0.002107  |   11.65  
   8    |   0.133466    |  0.002102  |   11.89  
   9    |   0.133315    |  0.002103  |   11.77  
  10    |   0.133201    |  0.002094  |   11.67  


Training complete! 
Best accuracy: 0.00 %.
*** Training Complete ***
Training runtime: 119.94 s
                precision    recall  f1-score   support

        living     0.0000    0.0000    0.0000       108
        social     0.0000    0.0000    0.0000       441
 relationships     0.0000    0.0000    0.0000       208
        nature     0.0000    0.0000    0.0000        14
          arts     0.0000    0.0000    0.0000        15
          love     0.0000    0.0000    0.0000       611
    activities     0.0000    0.0000    0.0000         4
         death     0.0000    0.0000    0.0000         3
      religion     0.0000    0.0000    0.0000         6
          time     0.0000    0.0000    0.0000        56
       history     0.0000    0.0000    0.0000         4
        family     0.0000    0.0000    0.0000        93
           the     0.0000    0.0000    0.0000         8
          life     0.0000    0.0000    0.0000         0
        poetry     0.0000    0.0000    0.0000       144
           war     0.0000    0.0000    0.0000        78
       animals     0.0000    0.0000    0.0000        21
           the     0.0000    0.0000    0.0000        79
    philosophy     0.0000    0.0000    0.0000        65
        sorrow     0.0000    0.0000    0.0000       308
    landscapes     0.0000    0.0000    0.0000       154
       travels     0.0000    0.0000    0.0000        97
           men     0.0000    0.0000    0.0000         1
        desire     0.0000    0.0000    0.0000        81
          race     0.0000    0.0000    0.0000         2
     mythology     0.0000    0.0000    0.0000        27
     realistic     0.0000    0.0000    0.0000        67
        cities     0.0000    0.0000    0.0000        23
         trees     0.0000    0.0000    0.0000       285
          home     0.0000    0.0000    0.0000        13
        gender     0.0000    0.0000    0.0000         4
          seas     0.0000    0.0000    0.0000        12
        rivers     0.0000    0.0000    0.0000        89
             &     0.0000    0.0000    0.0000        18
disappointment     0.0000    0.0000    0.0000        19
      language     0.0000    0.0000    0.0000        22
    parenthood     0.0000    0.0000    0.0000       108
          jobs     0.0000    0.0000    0.0000         0
      romantic     0.0000    0.0000    0.0000        31
       growing     0.0000    0.0000    0.0000        85
  christianity     0.0000    0.0000    0.0000         5
           god     0.0000    0.0000    0.0000         5
       friends     0.0000    0.0000    0.0000        40
         humor     0.0000    0.0000    0.0000        88
        health     0.0000    0.0000    0.0000         6
       reading     0.0000    0.0000    0.0000         0
           the     0.0000    0.0000    0.0000        89
         music     0.0000    0.0000    0.0000        67
        eating     0.0000    0.0000    0.0000        44
      marriage     0.0000    0.0000    0.0000        60
         money     0.0000    0.0000    0.0000       307
        coming     0.0000    0.0000    0.0000       127
         faith     0.0000    0.0000    0.0000        15
         class     0.0000    0.0000    0.0000        82
     heartache     0.0000    0.0000    0.0000         7
       popular     0.0000    0.0000    0.0000        19
   infatuation     0.0000    0.0000    0.0000        16
       weather     0.0000    0.0000    0.0000        70
        heroes     0.0000    0.0000    0.0000         3
         crime     0.0000    0.0000    0.0000       102
     break-ups     0.0000    0.0000    0.0000        14
          pets     0.0000    0.0000    0.0000         1
        winter     0.0000    0.0000    0.0000         3
         stars     0.0000    0.0000    0.0000       162
       planets     0.0000    0.0000    0.0000       105
       heavens     0.0000    0.0000    0.0000        22
      painting     0.0000    0.0000    0.0000       233
        school     0.4902    0.7989    0.6076      1248
        sports     0.0000    0.0000    0.0000       425
         greek     0.0000    0.0000    0.0000        66
        summer     0.0000    0.0000    0.0000        10
    unrequited     0.0000    0.0000    0.0000       155
         youth     0.0000    0.0000    0.0000        19
    separation     0.0000    0.0000    0.0000        81
      sciences     0.0000    0.0000    0.0000         3
        spring     0.0000    0.0000    0.0000        77
          fall     0.0000    0.0000    0.0000       133
   fairy-tales     0.0000    0.0000    0.0000       746
        ghosts     0.0000    0.0000    0.0000         8
          town     0.0000    0.0000    0.0000        11
       midlife     0.0000    0.0000    0.0000        49
       classic     0.0000    0.0000    0.0000        92
           gay     0.0000    0.0000    0.0000         1
       lesbian     0.0000    0.0000    0.0000        46
         queer     0.0000    0.0000    0.0000       179
   photography     0.0000    0.0000    0.0000        31
   valentine's     0.0000    0.0000    0.0000        44
       theater     0.0000    0.0000    0.0000       211
       judaism     0.0000    0.0000    0.0000        64
        indoor     0.0000    0.0000    0.0000        22
     gardening     0.0000    0.0000    0.0000       144
  architecture     0.0000    0.0000    0.0000         1
      funerals     0.0000    0.0000    0.0000        78
        horror     0.0000    0.0000    0.0000       140
       infancy     0.0000    0.0000    0.0000       771
         other     0.0000    0.0000    0.0000       290
   anniversary     0.0000    0.0000    0.0000       108
         first     0.0000    0.0000    0.0000       111
     farewells     0.0000    0.0000    0.0000         0
      father's     0.0000    0.0000    0.0000        47
      weddings     0.0000    0.0000    0.0000        29
     christmas     0.0000    0.0000    0.0000       108
      memorial     0.0000    0.0000    0.0000        30
  independence     0.0000    0.0000    0.0000         0
         islam     0.0000    0.0000    0.0000       889
           new     0.0000    0.0000    0.0000       181
    engagement     0.0000    0.0000    0.0000        48
     halloween     0.0000    0.0000    0.0000        27
      buddhism     0.0000    0.0000    0.0000         1
     birthdays     0.0000    0.0000    0.0000        44
      mother's     0.0000    0.0000    0.0000        38
         birth     0.0000    0.0000    0.0000         6
    graduation     0.0000    0.0000    0.0000       269
  thanksgiving     0.0000    0.0000    0.0000       181
           st.     0.0000    0.0000    0.0000        72
         birth     0.0000    0.0000    0.0000        26
     gratitude     0.0000    0.0000    0.0000       318
       kwanzaa     0.0000    0.0000    0.0000         3
         labor     0.0000    0.0000    0.0000        27
        toasts     0.0000    0.0000    0.0000       178
           get     0.0000    0.0000    0.0000       133
        easter     0.0000    0.0000    0.0000        31
           yom     0.0000    0.0000    0.0000        19
      passover     0.0000    0.0000    0.0000       210
     september     0.0000    0.0000    0.0000        61
      hanukkah     0.0000    0.0000    0.0000         6
          rosh     0.0000    0.0000    0.0000        65
       ramadan     0.0000    0.0000    0.0000         0
         cinco     0.0000    0.0000    0.0000        31

     micro avg     0.4902    0.0736    0.1281     13538
     macro avg     0.0038    0.0062    0.0047     13538
  weighted avg     0.0452    0.0736    0.0560     13538
   samples avg     0.3864    0.0715    0.1166     13538

Micro Average Precision Score: 0.0738
